radius center_x center_y
75.1029 419.3 393
42.9013 558.74 419.975
75.1029 419.3 393
42.9013 558.74 419.975
26.8179 151.625 419.36
30.0684 154.562 418.698
30.0684 155.806 419.114
31.6298 155.806 419.114
33.7203 154.975 417.455
35.4075 153.7 418.315
35.4075 153.7 418.315
35.4075 155.163 418.097
35.4075 155.163 418.097
40.484 148.72 418.315
40.484 148.72 418.315
47.5965 156.605 419.975
56.6697 161.17 415.41
61.6323 164.49 411.26
65.2004 171.13 406.28
65.2004 173.205 403.375
65.2004 178.6 400.47
62.9738 179.43 397.565
61.5307 180.675 395.905
57.6572 183.954 394.411
55.8511 185.848 394.154
54.1649 186.216 392.185
51.2893 188.315 389.727
49.82 189.131 388.371
46.8522 190.656 385.911
45.3225 191.477 384.679
49.3313 194.729 379.484
56.4968 200.962 369.701
59.1938 204.207 365.492
60.2549 206.021 362.002
60.2549 208.42 356.942
60.2549 208.115 354.224
60.2549 208.587 351.628
57.0945 210.97 349.84
55.3664 213.875 349.84
53.4102 217.61 349.425
51.918 220.515 349.425
51.918 222.59 349.425
50.613 224.665 349.84
49.5727 226.325 349.425
43.6919 223.835 342.785
45.0583 229.937 343.075
48.1774 236.132 342.27
52.5276 243.755 339.88
53.6002 246.245 338.22
53.6002 249.565 336.145
52.4311 251.64 336.145
52.4311 252.47 334.9
49.5775 255.337 333.693
48.5006 256.781 333.909
48.5006 258.28 334.07
45.494 259.044 332.29
45.494 259.044 332.29
45.494 257.105 328.92
55.6117 265.66 321.385
62.2253 273.635 318.715
71.4427 284.84 314.565
74.0082 289.405 313.735
76.89 292.725 310
78.1217 293.555 307.925
78.1217 293.555 307.925
76.8876 295.04 306.775
75.5702 295.04 306.775
71.38 293.14 306.265
68.9473 293.14 306.265
65.5766 291.065 306.68
59.9625 289.405 306.265
57.8877 289.405 306.265
55.8262 288.99 304.19
52.7819 291.065 301.285
50.8489 293.555 300.455
49.1554 293.555 298.795
45.9986 296.045 296.72
43.1141 299.417 295.131
43.1141 299.417 295.131
41.7223 296.086 292.561
41.7223 299.78 290.91
41.7223 301.025 289.665
41.7223 304.345 288.005
41.7223 306.208 287.181
43.2603 311.769 285.968
44.9337 318.867 283.686
44.9337 320.121 283.31
43.7315 320.121 283.31
43.7315 321.164 282.067
43.7315 321.164 282.067
43.7315 322.357 281.849
43.7315 325.678 281.678
43.7315 328.415 280.95
43.7315 331.32 280.12
48.9715 335.055 275.97
54.5893 340.035 270.16
60.4109 344.6 264.35
68.0992 349.58 256.465
70.4012 349.995 253.975
70.4012 351.655 252.315
68.7801 353.315 252.73
65.7352 354.145 254.39
59.9179 355.39 257.295
56.5511 355.805 258.54
51.4604 355.805 258.54
49.7916 355.805 258.54
46.8122 355.805 258.54
45.7167 354.414 256.548
45.7167 353.068 255.792
42.9901 352.464 254.089
42.9901 352.464 254.089
42.9901 353.072 252.197
42.9901 355.231 248.964
42.9901 355.231 248.964
42.9901 356.467 247.158
42.9901 357.685 244.882
42.9901 357.685 244.882
52.4707 360.37 241.94
59.8316 362.03 241.525
78.9503 364.105 241.11
90.7106 364.105 241.11
102.905 365.765 241.525
114.06 365.765 241.525
128.338 367.01 244.015
131.053 367.01 245.675
131.053 368.255 245.675
131.053 368.255 245.675
131.053 369.915 244.845
131.053 370.745 243.6
131.053 371.16 242.355
129.263 371.575 240.695
122.845 371.16 238.62
116.666 370.745 237.375
108.829 370.33 236.13
86.556 368.67 234.885
74.7836 367.01 235.3
63.2887 366.595 236.545
44.9905 365.765 239.035
40.9233 367.408 240.953
39.7359 367.408 240.953
39.7359 367.408 240.953
41.2174 367.408 240.953
41.2174 367.408 240.953
41.2174 367.408 240.953
41.2174 367.408 240.953
41.2174 367.408 240.953
41.2174 367.408 240.953
41.2174 367.408 240.953
43.8109 364.721 241.75
45.708 363.275 241.525
49.1511 364.52 239.45
61.3763 364.52 239.45
68.6253 365.35 240.695
77.0689 365.35 240.695
92.9411 365.35 243.185
100.926 365.35 243.185
107.56 364.52 245.675
118.725 362.03 248.165
122.94 360.785 248.995
127.326 358.295 251.07
127.326 358.295 251.07
128.943 356.635 252.315
128.943 356.635 252.315
128.943 355.39 252.73
128.943 355.39 252.73
128.943 355.39 252.73
128.943 355.39 252.73
128.943 355.39 252.73
128.943 354.975 251.485
128.943 354.975 251.485
128.943 354.975 251.485
128.943 354.975 251.485
128.943 356.635 251.485
128.943 356.635 251.485
128.943 358.295 251.07
128.943 358.295 251.07
127.906 359.54 251.485
127.906 359.54 251.485
127.906 361.2 252.73
127.906 362.86 252.73
127.906 362.86 252.73
127.906 364.52 253.145
127.906 364.52 253.145
127.906 366.18 253.975
126.836 366.18 253.975
126.836 367.425 254.39
126.836 367.425 254.39
126.836 368.67 256.05
125.717 368.67 256.05
125.717 369.915 256.88
125.717 371.575 257.71
125.717 371.575 257.71
125.717 372.82 257.71
124.698 374.48 257.71
124.698 374.48 257.71
124.698 376.14 256.88
124.698 376.14 255.22
124.698 377.385 256.05
123.642 377.385 256.05
123.642 377.8 254.805
123.642 377.8 254.805
123.642 377.8 254.805
123.642 378.215 253.56
123.642 378.215 253.56
122.457 378.215 253.56
122.457 378.215 253.56
122.457 376.97 252.315
122.457 376.97 252.315
122.457 376.14 251.07
122.457 376.14 251.07
122.457 374.065 249.41
122.457 374.065 249.41
122.457 372.82 248.995
122.457 372.82 248.995
123.505 370.745 248.165
123.505 370.745 248.165
123.505 369.085 247.335
123.505 369.085 247.335
123.505 367.01 246.505
123.505 367.01 246.505
124.777 365.765 246.09
124.777 365.765 246.09
124.777 365.765 246.09
124.777 363.69 245.675
124.777 363.69 245.675
124.777 363.69 245.675
124.777 362.445 246.09
124.777 362.445 246.09
124.777 362.445 246.09
124.777 361.2 246.505
124.777 361.2 246.505
124.777 361.2 246.505
124.777 361.2 246.505
126.132 359.955 246.92
126.132 359.955 246.92
126.132 359.955 246.92
126.132 359.955 246.92
126.132 359.955 246.92
126.132 359.955 246.92
126.132 359.955 246.92
126.132 359.955 246.92
125.042 359.955 246.92
125.042 359.955 246.92
125.042 359.955 246.92
125.042 359.955 246.92
125.042 359.955 246.92
125.042 359.955 246.92
125.042 360.37 245.26
125.042 360.37 245.26
125.042 360.37 245.26
125.042 360.785 244.015
125.042 360.785 244.015
123.071 360.785 244.015
123.071 361.2 245.26
123.071 361.2 245.26
120.992 361.615 246.505
120.992 361.615 246.505
119.459 361.615 246.505
119.459 361.615 246.505
119.459 361.615 246.505
119.459 362.03 248.165
121.166 361.2 249.41
123.5 361.2 249.41
128.424 359.955 251.07
128.424 359.955 251.07
128.424 359.955 251.07
128.424 360.37 249.41
128.424 360.37 249.41
128.424 360.37 247.335
128.424 360.37 244.43
126.207 360.37 242.77
123.193 361.2 240.695
112.392 362.445 237.79
104.342 362.445 237.79
95.7358 362.86 235.715
77.4222 362.445 236.96
69.0423 362.445 236.96
55.6107 360.785 241.11
50.5222 359.955 242.77
46.1345 358.758 243
42.6572 358.232 239.214
42.6572 357.046 239.607
44.1247 355.818 239.284
46.7324 353.234 239.035
48.6552 351.209 239.035
51.0407 349.14 239.035
56.2225 345.43 239.865
57.6662 345.015 238.205
57.6662 345.015 238.205
58.7761 345.817 235.532
58.7761 348.335 233.64
58.7761 351.24 232.395
54.8099 355.39 233.64
52.8733 357.465 234.47
56.001 362.445 229.075
65.5342 360.37 224.095
68.8338 357.88 223.68
70.1786 356.22 224.095
70.1786 356.22 224.095
63.2303 357.88 226.17
58.8245 359.955 226.585
53.7697 361.2 227.415
46.2237 358.356 230.444
45.198 357.889 232.163
43.8459 358.884 233.936
43.8459 359.494 231.006
43.8459 360.16 229.095
45.5439 362.445 225.34
45.5439 363.69 223.265
45.5439 366.444 223.711
45.5439 366.444 223.711
45.5439 367.84 224.925
45.5439 367.84 224.925
45.5439 369.365 224.937
45.5439 370.362 223.602
45.5439 372.428 221.088
45.5439 373.116 218.878
50.4687 374.065 211.23
55.792 372.82 204.59
61.1141 371.16 196.705
68.0663 367.425 182.18
70.0444 363.693 178.313
72.1165 361.732 175.481
73.7265 360.198 172.173
73.7265 360.198 172.173
73.7265 360.198 172.173
69.7906 361.843 171.665
67.0902 362.68 172.918
64.0488 362.86 175.955
56.9268 364.906 181.676
53.2808 366.07 184.767
50.1767 366.662 187.446
46.4083 366.198 190.826
46.4083 365.085 191.545
44.8233 365.085 191.545
46.9259 361.2 189.65
46.9259 358.71 188.82
48.3187 355.39 185.915
48.3187 352.9 184.67
45.792 350.113 180.357
44.2548 349.74 177.551
44.2548 349.358 175.512
42.4679 347.644 172.61
42.4679 347.352 171.211
42.4679 346.491 168.611
42.4679 346.491 168.611
42.4679 345.892 166.84
42.4679 345.892 166.84
42.4679 345.892 166.84
42.4679 345.892 166.84
42.4679 347.653 165.877
43.8792 348.879 165.799
44.928 348.879 165.799
46.4899 349.58 163.09
46.4899 351.02 162.091
48.9532 352.9 160.6
50.0587 352.07 159.355
50.0587 351.655 158.11
52.0585 350.41 155.62
52.0585 349.995 154.375
52.0585 349.995 154.375
52.0585 350.825 151.47
52.0585 350.825 151.47
52.0585 350.825 151.47
50.0683 349.995 148.98
50.0683 349.995 148.98
49.011 345.845 147.735
49.011 345.845 147.735
49.011 346.675 148.98
49.011 346.675 148.98
49.011 345.43 150.254
49.011 345.43 150.254
49.011 342.94 153.545
50.192 342.11 155.205
50.192 340.45 156.45
51.9014 339.205 159.355
52.9905 338.375 161.015
52.9905 337.13 163.505
52.9905 337.545 164.75
51.3009 337.13 166.41
51.3009 337.13 166.41
49.122 338.606 168.651
47.1104 340.768 171.199
47.1104 340.768 171.199
45.2685 342.616 173.658
45.2685 345.015 175.355
44.2161 346.16 176.459
44.2161 347.505 177.2
44.2161 344.6 180.52
44.2161 342.94 181.765
45.7929 340.018 184.664
47.5016 337.72 187.52
49.0626 335.817 189.241
50.6357 334.237 191.11
53.4492 332.33 194.767
53.4492 332.046 196.237
54.6845 331.944 198.239
54.6845 331.944 198.239
52.5419 331.944 198.239
51.0943 333.395 197.781
49.7435 333.395 197.781
47.8324 333.613 196.575
47.8324 333.613 196.575
46.0298 332.136 195.761
46.0298 332.136 195.761
44.8351 330.898 195.483
44.8351 329.375 195.008
43.5333 329.375 195.008
43.5333 327.913 194.387
43.5333 326.755 194.63
44.5437 325.51 195.46
44.5437 325.51 195.46
46.0921 323.435 197.12
46.0921 322.19 197.95
51.556 313.032 206.549
56.6257 308.541 211.834
64.4841 301.967 218.452
67.7477 298.268 221.596
67.7477 296.829 222.481
68.7509 296.829 222.481
68.7509 296.829 222.481
66.7409 296.829 222.481
63.1231 299.009 219.237
60.9231 299.365 217.455
58.2294 300.61 215.38
55.3157 302.685 213.72
50.3908 306.636 210.341
48.1626 309.463 208.995
45.9986 315.217 206.807
45.9986 315.217 206.807
45.9986 315.965 208.325
45.9986 315.965 208.325
45.9986 316.795 211.645
45.9986 316.795 212.89
45.9986 318.04 213.72
45.9986 319.826 215.737
45.9986 321.616 216.06
45.9986 321.616 216.06
47.011 324.265 219.53
47.011 324.68 220.775
47.011 326.34 222.435
47.011 326.755 223.68
47.011 328.83 223.68
47.011 328.83 223.68
47.011 330.075 223.68
48.3199 327.607 227.106
48.3199 325.549 228.842
50.5543 323.33 230.268
53.8099 319.367 231.582
55.3739 317.51 232.264
58.1236 315.315 232.772
58.1236 315.315 232.772
58.1236 315.315 232.772
56.1691 319.033 233.157
54.586 321.234 233.58
51.0077 325.16 234.185
49.6655 326.451 234.187
47.8776 328.885 233.382
47.8776 330.129 231.87
47.8776 330.49 229.49
49.9303 329.245 230.735
49.9303 328 232.395
51.5155 328 232.395
51.5155 326.576 236.284
51.5155 324.339 242.492
54.3414 321.47 248.661
54.3414 320.231 250.832
54.3414 320.231 250.832
52.8497 320.746 249.73
49.718 322.796 246.802
49.718 323.02 248.007
49.718 323.02 248.007
51.5407 327.343 251.212
52.6856 329.604 253.463
54.4881 329.66 255.22
57.8302 327.17 258.955
58.9663 326.34 260.615
60.0455 325.51 264.35
60.0455 325.095 266.01
57.4033 324.265 270.16
55.6413 324.68 272.235
53.6235 323.402 274.296
49.5441 319.993 278.802
49.5441 320.15 280.087
48.3383 320.736 281.218
46.9694 322.669 283.252
46.9694 324.493 284.826
46.9694 324.493 284.826
46.9694 326.23 284.158
46.9694 326.23 284.158
46.9694 328.429 283.79
46.9694 328.429 283.79
46.9694 330.78 283.847
46.9694 332.354 283.935
46.9694 332.354 283.935
46.9694 332.354 283.935
46.9694 333.628 283.824
47.9814 333.628 283.824
49.4 336.715 284.27
50.4203 338.79 283.855
50.4203 340.865 283.44
52.047 342.754 284.084
52.047 345.43 283.025
53.2088 346.675 283.025
53.2088 349.165 283.855
53.2088 349.995 285.1
50.7379 353.588 285.72
49.5229 354.56 287.175
47.3475 357.665 287.976
47.3475 358.858 288.198
47.3475 358.858 288.198
45.9638 360.406 287.766
45.9638 360.406 287.766
45.9638 360.42 286.139
44.5648 360.124 284.484
44.5648 360.124 284.484
44.5648 359.235 282.494
44.5648 359.235 282.494
44.5648 359.235 282.494
44.5648 359.973 280.946
43.192 359.973 280.946
43.192 359.973 280.946
41.991 359.973 280.946
41.991 361.166 281.309
41.991 361.692 283.313
41.991 361.721 285.791
41.991 361.721 285.791
41.991 361.721 285.791
41.991 358.931 283.078
41.991 358.931 283.078
41.991 357.634 282.327
41.991 356.366 284.08
41.991 355.328 286.271
43.0569 352.773 290.405
43.0569 351.269 290.977
43.0569 351.269 290.977
44.305 347.584 291.785
45.4102 345.578 292.623
46.9155 342.087 294.16
46.9155 340.517 295.035
47.9508 338.938 296.094
47.9508 336.472 298.486
47.9508 336.715 300.87
47.9508 336.3 302.945
44.0778 335.055 308.34
42.9974 333.81 310.83
41.3978 331.745 312.076
45.5188 331.32 315.81
50.4635 332.15 320.375
65.5827 336.3 334.07
73.9326 340.45 340.295
79.6932 341.695 345.275
83.1738 342.94 348.18
85.3773 344.185 350.255
85.3773 344.185 350.255
80.7458 344.6 349.01
77.0825 345.015 347.35
68.106 351.24 340.71
66.6556 350.825 339.465
60.1784 348.149 334.179
63.2808 333.81 339.479
63.2808 337.545 339.66
63.2808 337.545 339.66
67.9232 339.62 345.275
68.9866 339.62 347.765
70.3644 339.205 352.33
70.3644 339.62 354.405
70.3644 340.45 356.065
70.3644 338.375 358.14
70.3644 342.11 360.215
69.3537 342.11 361.46
69.3537 342.11 361.46
67.906 342.525 363.95
67.906 342.525 363.95
66.894 342.525 363.95
66.894 344.185 364.78
65.7625 344.185 364.78
65.7625 344.185 364.78
65.7625 345.845 363.12
64.3929 345.845 363.12
63.2335 345.43 361.46
63.2335 345.43 361.46
63.2335 344.185 360.63
60.9659 345.43 359.385
60.9659 345.43 359.385
60.9659 345.43 359.385
59.119 346.26 357.31
59.119 346.26 357.31
57.9013 347.505 356.065
57.9013 349.486 354.243
56.6111 351.37 353.255
56.6111 351.37 353.255
56.6111 354.703 351.489
56.6111 354.703 351.489
56.6111 354.703 351.489
56.6111 354.703 351.489
56.6111 354.703 351.489
56.6111 354.703 351.489
56.6111 354.703 351.489
56.6111 354.703 351.489
56.6111 354.703 351.489
56.6111 355.805 350.67
56.6111 355.805 350.67
56.6111 355.805 350.67
56.6111 355.805 350.67
56.6111 355.805 350.67
56.6111 355.805 350.67
56.6111 355.805 350.67
56.6111 355.805 350.67
56.6111 354.56 351.085
56.6111 354.56 351.085
56.6111 354.56 351.085
56.6111 354.56 351.085
55.6017 354.56 351.085
55.6017 354.56 351.085
55.6017 354.56 351.085
55.6017 354.56 351.085
55.6017 354.56 351.085
55.6017 354.56 351.085
55.6017 354.56 351.085
55.6017 352.992 350.98
55.6017 352.992 350.98
55.6017 352.992 350.98
55.6017 351.655 351.5
55.6017 351.655 351.5
55.6017 351.655 351.5
54.5994 351.655 351.5
54.5994 351.655 351.5
54.5994 353.285 350.451
54.5994 351.122 351.24
54.5994 351.122 351.24
54.5994 352.511 350.601
54.5994 352.511 350.601
54.5994 352.511 350.601
54.5994 352.511 350.601
54.5994 352.511 350.601
54.5994 352.511 350.601
54.5994 352.511 350.601
54.5994 352.511 350.601
54.5994 352.511 350.601
54.5994 352.511 350.601
54.5994 352.511 350.601
54.5994 350.688 351.399
54.5994 350.688 351.399
54.5994 350.688 351.399
54.5994 350.688 351.399
54.5994 350.688 351.399
54.5994 350.688 351.399
54.5994 350.688 351.399
54.5994 350.688 351.399
54.5994 350.688 351.399
54.5994 350.688 351.399
54.5994 350.688 351.399
54.5994 350.688 351.399
54.5994 350.688 351.399
54.5994 350.688 351.399
54.5994 350.688 351.399
54.5994 350.688 351.399
54.5994 350.688 351.399
54.5994 350.688 351.399
54.5994 350.688 351.399
54.5994 350.688 351.399
54.5994 350.688 351.399
54.5994 350.688 351.399
54.5994 350.688 351.399
54.5994 350.688 351.399
54.5994 349.58 351.915
54.5994 349.58 351.915
54.5994 349.58 351.915
54.5994 349.58 351.915
54.5994 349.58 351.915
54.5994 349.58 351.915
54.5994 349.58 351.915
54.5994 349.58 351.915
54.5994 347.328 352.215
54.5994 347.328 352.215
54.5994 347.328 352.215
54.5994 347.328 352.215
54.5994 347.328 352.215
54.5994 349.165 351.5
54.5994 349.165 351.5
54.5994 349.165 351.5
54.5994 349.165 351.5
54.5994 351.736 350.747
54.5994 349.995 351.5
54.5994 349.995 351.5
54.5994 349.995 351.5
54.5994 352.511 350.601
54.5994 350.688 351.399
54.5994 350.688 351.399
54.5994 350.688 351.399
54.5994 350.688 351.399
54.5994 350.688 351.399
54.5994 349.58 351.915
54.5994 349.58 351.915
54.5994 349.58 351.915
54.5994 349.58 351.915
54.5994 349.58 351.915
54.5994 349.58 351.915
54.5994 349.58 351.915
54.5994 349.58 351.915
53.3546 349.58 351.915
53.3546 349.58 351.915
53.3546 349.668 350.638
53.3546 349.668 350.638
53.3546 351.24 349.84
53.3546 351.24 349.84
53.3546 349.841 350.055
53.3546 349.841 350.055
53.3546 349.841 350.055
53.3546 349.841 350.055
53.3546 349.841 350.055
53.3546 349.841 350.055
53.3546 349.841 350.055
53.3546 349.841 350.055
53.3546 349.841 350.055
53.3546 349.841 350.055
53.3546 349.841 350.055
52.2131 349.841 350.055
52.2131 349.841 350.055
52.2131 349.841 350.055
52.2131 349.841 350.055
52.2131 349.841 350.055
52.2131 349.841 350.055
52.2131 349.841 350.055
52.2131 349.841 350.055
52.2131 349.841 350.055
52.2131 349.841 350.055
52.2131 349.841 350.055
52.2131 349.841 350.055
52.2131 349.841 350.055
52.2131 349.841 350.055
52.2131 349.841 350.055
52.2131 349.841 350.055
52.2131 349.841 350.055
52.2131 349.841 350.055
52.2131 349.841 350.055
52.2131 349.841 350.055
52.2131 349.841 350.055
52.2131 349.841 350.055
52.2131 349.841 350.055
52.2131 349.841 350.055
52.2131 349.841 350.055
52.2131 349.841 350.055
52.2131 349.841 350.055
52.2131 348.335 349.84
52.2131 348.335 349.84
52.2131 348.335 349.84
52.2131 348.335 349.84
52.2131 348.335 349.84
52.2131 348.335 349.84
52.2131 348.335 349.84
52.2131 348.335 349.84
52.2131 348.335 349.84
52.2131 348.335 349.84
52.2131 349.58 349.84
52.2131 349.58 349.84
52.2131 349.58 349.84
52.2131 349.58 349.84
52.2131 351.24 349.84
53.2266 351.24 349.84
53.2266 351.24 349.84
53.2266 352.485 349.84
53.2266 352.485 349.84
53.2266 352.485 349.84
54.3785 352.485 349.84
54.3785 351.454 351.266
54.3785 351.454 351.266
54.3785 351.454 351.266
55.6055 351.454 351.266
55.6055 351.655 352.745
55.6055 351.655 352.745
56.7985 351.655 352.745
56.7985 351.655 352.745
56.7985 351.655 352.745
58.391 352.9 352.33
59.7419 352.9 352.33
59.7419 352.485 350.67
61.5353 354.56 348.595
61.5353 354.56 348.595
62.6172 355.805 346.52
62.6172 357.05 344.86
62.6172 358.71 343.615
62.6172 358.71 343.615
62.6172 358.988 341.037
62.6172 361.2 339.88
63.8401 361.2 339.88
65.0196 359.955 338.22
65.0196 359.955 338.22
58.6053 358.71 332.41
58.6053 359.125 330.75
56.3285 359.125 329.505
54.9091 358.71 328.26
51.8263 359.54 325.355
50.4863 358.71 324.11
47.9625 357.88 322.035
46.7854 358.295 320.79
44.8781 358.71 319.13
44.8781 358.71 319.13
43.3405 358.372 317.773
42.15 360.379 316.145
42.15 360.379 316.145
42.15 361.68 314.633
40.7955 361.68 314.633
40.7955 361.68 314.633
40.7955 361.68 314.633
40.7955 361.798 312.229
40.7955 361.798 312.229
40.7955 361.798 312.229
40.7955 361.798 312.229
40.7955 360.226 312.221
40.7955 360.226 312.221
40.7955 360.226 312.221
40.7955 358.847 313.668
40.7955 358.847 313.668
40.7955 358.847 313.668
40.7955 358.847 313.668
40.7955 357.606 314.678
40.7955 357.606 314.678
40.7955 357.606 314.678
40.7955 357.606 314.678
40.7955 355.915 315.192
40.7955 355.915 315.192
40.7955 355.915 315.192
40.7955 355.915 315.192
40.7955 355.915 315.192
40.7955 354.759 315.668
40.7955 354.759 315.668
40.7955 354.759 315.668
40.7955 354.759 315.668
40.7955 354.759 315.668
40.7955 354.759 315.668
40.7955 354.759 315.668
40.7955 353.358 315.948
40.7955 353.358 315.948
40.7955 353.358 315.948
40.7955 353.358 315.948
40.7955 353.358 315.948
40.7955 353.358 315.948
40.7955 353.358 315.948
40.7955 353.358 315.948
40.7955 353.358 315.948
40.7955 353.358 315.948
40.7955 353.358 315.948
40.7955 353.358 315.948
40.7955 353.358 315.948
40.7955 353.358 315.948
40.7955 353.358 315.948
40.7955 353.358 315.948
40.7955 353.358 315.948
40.7955 353.358 315.948
40.7955 353.358 315.948
40.7955 353.358 315.948
40.7955 353.358 315.948
40.7955 353.358 315.948
40.7955 353.358 315.948
40.7955 353.358 315.948
40.7955 353.358 315.948
40.7955 353.358 315.948
40.7955 353.358 315.948
40.7955 353.358 315.948
40.7955 353.358 315.948
40.7955 353.358 315.948
39.7735 353.68 314.845
39.7735 353.68 314.845
39.7735 353.68 314.845
39.7735 353.68 314.845
39.7735 353.68 314.845
39.7735 353.68 314.845
39.7735 352.467 314.755
39.7735 352.467 314.755
39.7735 352.467 314.755
41.2452 350.818 311.615
42.4657 350.108 309.794
46.6157 348.287 304.254
48.3432 349.165 302.115
48.3432 349.165 300.04
48.3432 350.825 297.965
46.1723 352.328 296.047
45.121 354.066 295.317
45.121 355.951 294.576
42.5418 359.073 293.179
42.5418 360.398 292.64
42.5418 361.699 292.184
41.0369 363.484 291.224
41.0369 363.484 291.224
41.0369 364.836 288.429
41.0369 364.836 288.429
41.0369 364.77 286.669
41.0369 364.77 286.669
41.0369 364.77 286.669
41.0369 364.77 286.669
41.0369 364.77 286.669
41.0369 364.77 286.669
41.0369 364.77 286.669
41.0369 364.77 286.669
41.0369 364.77 286.669
41.0369 364.77 286.669
41.0369 363.269 287.15
41.0369 363.269 287.15
41.0369 363.269 287.15
41.0369 363.269 287.15
41.0369 363.269 287.15
41.0369 363.269 287.15
39.8886 363.269 287.15
39.8886 363.269 287.15
39.8886 361.51 288.601
39.8886 361.206 287.178
39.8886 360.33 284.476
41.9876 360.52 281.113
41.9876 360.52 281.113
41.9876 362.07 280.165
41.9876 362.07 280.165
41.9876 363.81 279.79
41.9876 365.282 279.469
41.9876 365.282 279.469
41.9876 366.156 274.698
41.9876 366.156 274.698
43.4835 365.714 271.981
43.4835 365.714 271.981
43.4835 365.714 271.981
43.4835 364.472 272.909
42.4512 364.472 272.909
42.4512 364.472 272.909
42.4512 364.472 272.909
42.4512 363.1 273.851
42.4512 363.1 273.851
42.4512 363.1 273.851
42.4512 363.1 273.851
42.4512 363.1 273.851
41.3285 363.1 273.851
41.3285 363.1 273.851
41.3285 363.1 273.851
41.3285 363.1 273.851
41.3285 363.1 273.851
41.3285 363.1 273.851
41.3285 361.705 274.117
41.3285 361.705 274.117
41.3285 361.705 274.117
41.3285 361.705 274.117
41.3285 361.705 274.117
41.3285 361.705 274.117
41.3285 361.705 274.117
41.3285 361.705 274.117
41.3285 361.197 270.4
42.7768 361.381 267.69
43.8449 361.46 263.293
43.8449 361.789 261.925
43.8449 361.789 261.925
43.8449 364.45 260.449
43.8449 364.45 260.449
43.8449 365.94 260.261
43.8449 368.233 260.048
43.8449 368.255 257.71
43.8449 368.255 257.71
43.8449 369.915 254.805
43.8449 369.915 254.805
43.8449 370.748 251.363
43.8449 370.748 251.363
43.8449 370.792 249.251
43.8449 370.792 249.251
43.8449 370.792 249.251
43.8449 370.792 249.251
43.8449 370.792 249.251
43.8449 370.792 249.251
43.8449 370.792 249.251
43.8449 370.799 247.985
43.8449 370.799 247.985
43.8449 370.799 247.985
43.8449 370.799 247.985
43.8449 370.799 247.985
43.8449 370.33 246.505
43.8449 370.33 246.505
43.8449 370.33 246.505
43.8449 370.33 246.505
43.8449 369.915 245.26
43.8449 369.915 245.26
43.8449 369.915 245.26
43.8449 369.915 245.26
43.8449 369.915 245.26
43.8449 369.915 245.26
43.8449 369.915 245.26
43.8449 369.915 245.26
43.8449 368.67 244.845
43.8449 368.67 244.845
43.8449 368.67 244.845
43.8449 368.67 244.845
43.8449 368.67 244.845
43.8449 368.67 244.845
43.8449 368.67 244.845
43.8449 368.67 244.845
43.8449 368.67 244.845
43.8449 368.67 244.845
43.8449 368.67 244.845
43.8449 368.67 244.845
43.8449 368.67 244.845
43.8449 368.67 244.845
43.8449 368.67 244.845
43.8449 368.67 244.845
43.8449 368.67 244.845
43.8449 368.67 244.845
43.8449 368.67 244.845
43.8449 368.67 244.845
43.8449 368.67 244.845
43.8449 368.425 243.363
43.8449 368.425 243.363
43.8449 368.425 243.363
43.8449 368.425 243.363
43.8449 367.588 242.17
43.8449 367.588 242.17
43.8449 367.588 242.17
43.8449 367.588 242.17
43.8449 367.588 242.17
44.9768 367.588 242.17
44.9768 367.325 240.352
46.0757 367.325 240.352
46.0757 367.325 240.352
46.0757 367.325 240.352
46.0757 367.325 240.352
46.0757 367.325 240.352
46.0757 367.134 239.095
46.0757 367.134 239.095
46.0757 367.134 239.095
46.0757 367.134 239.095
44.9311 367.134 239.095
44.9311 367.134 239.095
43.8158 367.134 239.095
43.8158 368.151 237.894
43.8158 368.151 237.894
43.8158 368.151 237.894
43.8158 368.151 237.894
43.8158 368.151 237.894
43.8158 368.151 237.894
43.8158 366.921 237.405
43.8158 366.921 237.405
43.8158 366.921 237.405
43.8158 366.921 237.405
43.8158 365.759 237.451
43.8158 365.759 237.451
43.8158 365.759 237.451
43.8158 365.759 237.451
43.8158 365.759 237.451
43.8158 365.759 237.451
43.8158 365.759 237.451
43.8158 365.759 237.451
43.8158 365.759 237.451
43.8158 365.759 237.451
43.8158 365.759 237.451
43.8158 365.759 237.451
43.8158 365.759 237.451
43.8158 365.759 237.451
43.8158 365.759 237.451
43.8158 365.759 237.451
43.8158 365.759 237.451
43.8158 365.759 237.451
43.8158 365.759 237.451
43.8158 365.759 237.451
43.8158 365.759 237.451
43.8158 365.759 237.451
43.8158 365.759 237.451
43.8158 366.912 237.75
43.8158 366.912 237.75
43.8158 366.912 237.75
43.8158 366.912 237.75
43.8158 366.912 237.75
43.8158 366.912 237.75
43.8158 366.912 237.75
43.8158 366.912 237.75
43.8158 366.912 237.75
43.8158 366.912 237.75
43.8158 366.912 237.75
43.8158 366.912 237.75
43.8158 366.912 237.75
43.8158 366.912 237.75
43.8158 366.912 237.75
43.8158 367.375 238.873
43.8158 367.375 238.873
43.8158 367.375 238.873
43.8158 367.375 238.873
43.8158 367.375 238.873
43.8158 367.375 238.873
43.8158 367.375 238.873
43.8158 367.375 238.873
43.8158 367.375 238.873
43.8158 367.375 238.873
43.8158 367.225 240.096
43.8158 367.225 240.096
43.8158 367.225 240.096
43.8158 367.225 240.096
43.8158 367.225 240.096
43.8158 367.225 240.096
43.8158 367.225 240.096
43.8158 367.225 240.096
43.8158 367.225 240.096
43.8158 367.225 240.096
43.8158 367.289 241.216
43.8158 367.289 241.216
43.8158 367.289 241.216
43.8158 367.289 241.216
43.8158 367.289 241.216
43.8158 367.289 241.216
43.8158 367.289 241.216
43.8158 367.289 241.216
43.8158 367.289 241.216
43.8158 367.289 241.216
43.8158 367.289 241.216
43.8158 367.289 241.216
43.8158 367.289 241.216
43.8158 368.486 240.354
43.8158 368.486 240.354
43.8158 368.486 240.354
43.8158 368.486 240.354
43.8158 368.486 240.354
43.8158 368.486 240.354
43.8158 368.486 240.354
43.8158 368.486 240.354
43.8158 368.047 241.851
43.8158 368.047 241.851
43.8158 368.047 241.851
43.8158 368.047 241.851
43.8158 368.047 241.851
43.8158 368.047 241.851
43.8158 367.985 242.981
43.8158 367.985 242.981
43.8158 367.985 242.981
43.8158 367.985 242.981
43.8158 367.985 242.981
43.8158 367.985 242.981
43.8158 367.985 242.981
43.8158 367.985 242.981
43.8158 367.985 242.981
43.8158 367.985 242.981
43.8158 367.985 242.981
43.8158 367.985 242.981
43.8158 367.985 242.981
43.8158 367.985 242.981
43.8158 367.985 242.981
43.8158 367.985 242.981
43.8158 367.985 242.981
43.8158 367.985 242.981
43.8158 367.985 242.981
43.8158 367.985 242.981
43.8158 367.985 242.981
43.8158 367.985 242.981
43.8158 367.985 242.981
43.8158 367.985 242.981
43.8158 367.985 242.981
43.8158 367.985 242.981
43.8158 367.985 242.981
43.8158 367.985 242.981
43.8158 367.985 242.981
43.8158 367.985 242.981
43.8158 367.985 242.981
43.8158 367.985 242.981
43.8158 367.985 242.981
43.8158 367.985 242.981
43.8158 367.985 242.981
43.8158 367.985 242.981
43.8158 367.985 242.981
43.8158 367.985 242.981
43.8158 367.985 242.981
43.8158 367.985 242.981
43.8158 367.985 242.981
43.8158 367.985 242.981
43.8158 367.985 242.981
43.8158 367.985 242.981
43.8158 367.985 242.981
43.8158 367.985 242.981
43.8158 367.985 242.981
43.8158 367.985 242.981
43.8158 367.985 242.981
43.8158 367.985 242.981
43.8158 367.985 242.981
43.8158 367.985 242.981
43.8158 367.985 242.981
43.8158 367.985 242.981
43.8158 367.985 242.981
43.8158 367.985 242.981
43.8158 367.985 242.981
43.8158 367.985 242.981
43.8158 367.985 242.981
42.7383 367.985 242.981
42.7383 366.82 242.844
42.7383 366.82 242.844
42.7383 366.677 241.389
42.7383 366.677 241.389
42.7383 366.677 241.389
42.7383 366.816 237.976
42.7383 366.816 237.976
42.7383 367.055 235.831
42.7383 367.506 232.238
44.1464 367.976 230.155
44.1464 368.482 228.571
44.1464 369.941 227.564
44.1464 370.773 225.959
44.1464 371.056 224.815
45.892 371.883 222.957
45.892 372.316 221.788
45.892 374.007 218.773
45.892 375.721 217.112
45.892 376.418 214.835
43.3593 378.63 211.23
43.3593 378.979 209.615
43.3593 378.979 209.615
43.3593 379.352 207.84
43.3593 379.352 207.84
43.3593 379.352 207.84
43.3593 377.8 206.25
43.3593 377.8 206.25
43.3593 376.97 205.005
43.3593 376.97 205.005
43.3593 376.97 205.005
43.3593 376.97 205.005
43.3593 376.97 205.005
43.3593 377.8 203.76
43.3593 377.8 203.76
43.3593 377.8 203.76
42.2361 378.995 202.314
42.2361 378.995 202.314
42.2361 378.995 202.314
42.2361 379.419 201.206
42.2361 379.419 201.206
42.2361 379.419 201.206
42.2361 379.419 201.206
42.2361 379.419 201.206
42.2361 379.419 201.206
42.2361 379.419 201.206
42.2361 379.419 201.206
42.2361 379.419 201.206
42.2361 379.419 201.206
42.2361 379.224 199.714
42.2361 379.224 199.714
42.2361 379.224 199.714
42.2361 379.224 199.714
42.2361 379.224 199.714
42.2361 379.224 199.714
42.2361 379.224 199.714
42.2361 379.224 199.714
42.2361 379.224 199.714
42.2361 379.224 199.714
42.2361 379.224 199.714
42.2361 379.224 199.714
42.2361 379.045 201.27
43.6235 379.045 201.27
43.6235 379.045 201.27
43.6235 378.63 198.78
43.6235 377.385 196.705
43.6235 377.385 196.705
43.6235 376.14 195.46
43.6235 376.14 195.46
43.6235 375.762 194.295
43.6235 376.14 195.46
43.6235 376.14 195.46
43.6235 376.14 195.46
43.6235 376.14 195.46
43.6235 376.14 195.46
43.6235 376.14 195.46
43.6235 376.14 195.46
43.6235 376.14 195.46
43.6235 376.14 195.46
43.6235 376.14 195.46
43.6235 376.14 195.46
43.6235 376.14 195.46
43.6235 376.14 195.46
43.6235 376.14 195.46
43.6235 376.14 195.46
43.6235 376.14 195.46
43.6235 376.97 196.705
43.6235 376.97 196.705
43.6235 376.97 196.705
43.6235 377.8 197.95
43.6235 377.8 197.95
43.6235 378.215 199.195
43.6235 378.215 199.195
43.6235 378.215 200.44
42.543 378.215 200.44
42.543 376.51 197.759
42.543 376.51 197.759
42.543 375.822 196.535
42.543 375.822 196.535
42.543 375.822 196.535
42.543 375.822 196.535
43.751 375.822 196.535
43.751 375.822 196.535
43.751 375.822 196.535
43.751 375.744 198.355
43.751 375.744 198.355
43.751 375.377 199.744
43.751 375.377 199.744
43.751 375.377 199.744
42.7315 375.377 199.744
42.7315 375.377 199.744
42.7315 375.377 199.744
42.7315 375.377 199.744
42.7315 375.377 199.744
42.7315 375.733 201.597
42.7315 375.733 201.597
42.7315 375.733 201.597
42.7315 375.733 201.597
42.7315 375.733 201.597
42.7315 375.733 201.597
42.7315 375.733 201.597
42.7315 374.435 200.421
42.7315 374.435 200.421
42.7315 374.435 200.421
42.7315 374.435 200.421
42.7315 374.435 200.421
42.7315 374.395 199.205
42.7315 374.395 199.205
42.7315 374.395 199.205
42.7315 374.395 199.205
42.7315 374.395 199.205
42.7315 374.395 199.205
42.7315 374.395 199.205
42.7315 374.395 199.205
42.7315 374.905 200.597
42.7315 374.905 200.597
42.7315 374.905 200.597
42.7315 374.905 200.597
42.7315 374.905 200.597
42.7315 374.905 200.597
42.7315 374.905 200.597
42.7315 373.658 199.362
42.7315 373.658 199.362
42.7315 373.658 199.362
44.6175 372.289 197.628
44.6175 372.289 197.628
46.4547 372.289 197.628
48.5425 371.99 196.29
48.5425 371.99 196.29
51.2064 373.235 195.46
51.2064 373.235 195.46
52.2901 373.405 193.715
52.2901 373.405 193.715
52.2901 374.895 191.725
52.2901 376.023 191.671
50.5651 377.468 192.592
50.5651 377.468 192.592
48.3345 380.406 193.521
48.3345 380.406 193.521
46.6716 382.478 195.441
46.6716 382.478 195.441
46.6716 382.99 196.895
46.6716 382.99 196.895
46.6716 382.99 196.895
46.6716 382.99 196.895
46.6716 382.99 196.895
46.6716 382.99 196.895
44.8595 380.931 196.308
44.8595 380.931 196.308
44.8595 379.822 196.64
44.8595 378.562 196.607
44.8595 378.562 196.607
44.8595 378.562 196.607
44.8595 376.473 197.278
44.8595 376.473 197.278
46.4139 374.956 198.533
46.4139 374.956 198.533
46.4139 374.956 198.533
46.4139 373.773 199.775
46.4139 373.773 199.775
46.4139 373.773 199.775
46.4139 373.506 200.884
46.4139 373.506 200.884
44.8311 373.506 200.884
44.8311 373.506 200.884
44.8311 373.506 200.884
43.1746 373.506 200.884
43.1746 373.506 200.884
43.1746 374.856 200.233
43.1746 374.856 200.233
43.1746 374.856 200.233
43.1746 374.856 200.233
43.1746 376.173 200.974
43.1746 376.173 200.974
43.1746 376.173 200.974
43.1746 376.173 200.974
43.1746 376.173 200.974
42.1128 376.173 200.974
42.1128 376.173 200.974
42.1128 376.173 200.974
42.1128 376.173 200.974
42.1128 376.173 200.974
42.1128 376.173 200.974
42.1128 376.173 200.974
42.1128 376.173 200.974
42.1128 376.173 200.974
42.1128 377.139 199.764
42.1128 377.139 199.764
42.1128 377.139 199.764
42.1128 377.139 199.764
42.1128 377.139 199.764
42.1128 377.139 199.764
42.1128 376.62 198.642
42.1128 376.62 198.642
42.1128 376.62 198.642
42.1128 376.62 198.642
42.1128 376.62 198.642
42.1128 376.62 198.642
42.1128 376.62 198.642
42.1128 376.62 198.642
42.1128 376.62 198.642
42.1128 376.62 198.642
42.1128 376.62 198.642
42.1128 375.507 197.571
42.1128 375.507 197.571
42.1128 375.507 197.571
42.1128 375.507 197.571
42.1128 375.507 197.571
42.1128 375.507 197.571
42.1128 375.507 197.571
42.1128 375.507 197.571
42.1128 375.507 197.571
42.1128 375.507 197.571
42.1128 375.507 197.571
42.1128 375.507 197.571
42.1128 375.507 197.571
42.1128 375.507 197.571
42.1128 375.507 197.571
42.1128 375.507 197.571
42.1128 375.507 197.571
42.1128 375.507 197.571
42.1128 375.507 197.571
42.1128 375.507 197.571
42.1128 375.507 197.571
42.1128 376.17 198.839
42.1128 376.17 198.839
42.1128 376.17 198.839
42.1128 376.17 198.839
42.1128 376.17 198.839
42.1128 376.928 200.271
42.1128 376.928 200.271
42.1128 376.928 200.271
42.1128 376.928 200.271
42.1128 376.928 200.271
42.1128 377.438 201.485
42.1128 377.438 201.485
42.1128 377.438 201.485
42.1128 377.438 201.485
42.1128 377.438 201.485
42.1128 377.438 201.485
42.1128 377.438 201.485
42.1128 377.438 201.485
42.1128 377.438 201.485
42.1128 377.438 201.485
42.1128 377.438 201.485
42.1128 377.438 201.485
42.1128 377.438 201.485
42.1128 377.438 201.485
42.1128 377.438 201.485
42.1128 377.438 201.485
42.1128 377.438 201.485
42.1128 377.438 201.485
42.1128 377.438 201.485
42.1128 377.438 201.485
42.1128 377.438 201.485
42.1128 377.438 201.485
42.1128 377.438 201.485
42.1128 377.438 201.485
42.1128 377.438 201.485
42.1128 377.438 201.485
42.1128 377.438 201.485
42.1128 377.438 201.485
42.1128 377.438 201.485
42.1128 376.294 201.759
42.1128 376.294 201.759
42.1128 376.294 201.759
42.1128 376.294 201.759
42.1128 376.29 202.911
42.1128 376.29 202.911
42.1128 376.29 202.911
42.1128 376.29 202.911
42.1128 376.29 202.911
42.1128 376.29 202.911
42.1128 376.29 202.911
42.1128 376.29 202.911
42.1128 376.29 202.911
42.1128 376.29 202.911
42.1128 376.29 202.911
42.1128 376.29 202.911
42.1128 376.29 202.911
42.1128 376.29 202.911
42.1128 376.29 202.911
42.1128 376.29 202.911
42.1128 376.29 202.911
42.1128 377.076 204.571
42.1128 377.076 204.571
42.1128 377.076 204.571
42.1128 377.076 204.571
42.1128 377.076 204.571
42.1128 377.076 204.571
42.1128 377.211 206.142
42.1128 377.211 206.142
42.1128 377.211 206.142
42.1128 377.211 206.142
42.1128 375.725 205.835
42.1128 375.725 205.835
42.1128 374.633 204.513
42.1128 374.633 204.513
42.1128 374.065 205.835
42.1128 374.065 205.835
42.1128 374.065 205.835
42.1128 372.82 206.25
42.1128 372.82 206.25
42.1128 372.82 206.25
42.1128 371.575 205.005
42.1128 371.575 205.005
42.1128 371.575 203.76
42.1128 371.575 203.76
42.1128 371.575 202.515
42.1128 371.098 200.014
42.1128 370.909 198.225
42.1128 370.909 198.225
40.926 372.879 196.43
40.926 374.065 195.875
40.926 374.065 195.875
42.9288 378.215 195.999
43.9322 378.215 195.999
46.0117 379.045 192.97
47.177 379.46 191.725
49.0245 381.12 190.48
50.1804 381.535 189.235
50.1804 381.535 189.235
51.8148 382.78 185.915
51.8148 382.044 183.907
51.8148 382.548 181.332
50.6965 382.487 179.397
49.5043 382.51 177.281
47.4704 381.95 172.635
46.3356 381.95 170.975
46.3356 381.95 169.315
44.9539 381.95 167.655
44.9539 381.95 167.655
44.9539 381.95 167.655
44.9539 381.95 167.655
44.9539 381.95 167.655
44.9539 381.95 167.655
44.9539 381.95 167.655
43.7612 380.772 166.884
43.7612 380.772 166.884
43.7612 380.772 166.884
43.7612 380.772 166.884
43.7612 380.772 166.884
43.7612 379.507 166.252
43.7612 379.507 166.252
43.7612 379.507 166.252
42.5983 379.507 166.252
42.5983 379.507 166.252
42.5983 378.367 165.719
42.5983 378.367 165.719
42.5983 378.367 165.719
42.5983 378.367 165.719
42.5983 377.048 164.898
42.5983 377.048 164.898
42.5983 377.048 164.898
42.5983 377.048 164.898
42.5983 377.048 164.898
42.5983 377.048 164.898
42.5983 377.048 164.898
42.5983 377.048 164.898
42.5983 377.048 164.898
42.5983 377.048 164.898
42.5983 377.048 164.898
42.5983 377.048 164.898
42.5983 377.048 164.898
42.5983 377.048 164.898
42.5983 377.048 164.898
42.5983 377.048 164.898
42.5983 377.048 164.898
42.5983 377.048 164.898
42.5983 377.048 164.898
42.5983 377.048 164.898
42.5983 377.048 164.898
42.5983 377.048 164.898
42.5983 377.048 164.898
42.5983 377.048 164.898
42.5983 377.048 164.898
42.5983 377.434 166.161
42.5983 377.434 166.161
42.5983 377.434 166.161
41.4604 377.434 166.161
41.4604 377.434 166.161
41.4604 377.434 166.161
41.4604 377.518 167.387
41.4604 377.518 167.387
41.4604 377.518 167.387
41.4604 377.518 167.387
41.4604 377.518 167.387
41.4604 377.518 167.387
41.4604 377.518 167.387
41.4604 377.518 167.387
41.4604 377.892 168.658
41.4604 377.892 168.658
41.4604 377.892 168.658
41.4604 377.892 168.658
41.4604 377.892 168.658
41.4604 377.892 168.658
41.4604 377.892 168.658
41.4604 377.892 168.658
41.4604 377.892 168.658
41.4604 377.557 166.146
41.4604 377.557 166.146
43.1291 377.601 163.83
43.1291 377.601 163.83
45.6968 377.535 160.842
46.9027 377.687 159.657
48.1028 377.308 158.177
50.7549 377.8 156.035
50.7549 379.045 155.205
53.3555 376.274 151.458
53.3555 375.223 149.718
53.3555 374.895 147.32
53.3555 376.555 143.17
53.3555 376.97 139.435
48.4826 376.555 135.285
46.8009 377.203 134.171
45.7933 379.083 134.265
45.7933 379.083 134.265
45.7933 379.083 134.265
45.7933 379.083 134.265
44.5567 379.083 134.265
44.5567 379.083 134.265
44.5567 379.045 136.53
43.24 379.045 136.53
43.24 379.045 136.53
42.2061 379.045 136.53
42.2061 379.045 136.53
42.2061 379.045 136.53
42.2061 379.712 138.199
42.2061 379.712 138.199
42.2061 379.712 138.199
42.2061 378.309 136.831
42.2061 378.309 136.831
42.2061 378.309 136.831
42.2061 378.309 136.831
42.2061 378.309 136.831
42.2061 378.309 136.831
42.2061 378.309 136.831
42.2061 378.309 136.831
42.2061 378.309 136.831
43.4007 376.749 135.407
43.4007 378.303 136.463
43.4007 378.303 136.463
43.4007 378.303 136.463
43.4007 378.303 136.463
43.4007 378.303 136.463
43.4007 376.525 134.984
43.4007 376.525 134.984
43.4007 378.513 135.973
43.4007 378.513 135.973
43.4007 378.513 135.973
43.4007 378.513 135.973
43.4007 378.513 135.973
43.4007 378.462 134.579
43.4007 378.462 134.579
44.4283 378.462 134.579
44.4283 378.462 134.579
44.4283 378.462 134.579
44.4283 378.462 134.579
44.4283 378.462 134.579
44.4283 378.462 134.579
44.4283 378.462 134.579
44.4283 378.462 134.579
44.4283 378.462 134.579
44.4283 378.462 134.579
44.4283 378.462 134.579
44.4283 378.462 134.579
44.4283 378.462 134.579
44.4283 378.462 134.579
44.4283 378.462 134.579
44.4283 378.462 134.579
44.4283 375.971 134.87
44.4283 377.757 134.775
44.4283 375.791 134.823
44.4283 375.791 134.823
44.4283 375.791 134.823
44.4283 375.791 134.823
44.4283 375.791 134.823
44.4283 375.791 134.823
44.4283 375.791 134.823
44.4283 375.791 134.823
44.4283 375.791 134.823
44.4283 375.791 134.823
44.4283 375.791 134.823
44.4283 375.791 134.823
44.4283 375.791 134.823
44.4283 374.488 134.808
44.4283 374.488 134.808
44.4283 374.488 134.808
44.4283 374.488 134.808
42.9367 378.459 136.1
42.9367 374.543 134.843
42.9367 374.543 134.843
42.9367 374.543 134.843
42.9367 374.543 134.843
42.9367 374.543 134.843
42.9367 374.543 134.843
42.9367 374.543 134.843
42.9367 374.543 134.843
42.9367 374.543 134.843
42.9367 374.543 134.843
42.9367 374.543 134.843
42.9367 374.543 134.843
42.9367 374.543 134.843
42.9367 374.543 134.843
42.9367 378.25 136.586
42.9367 378.25 136.586
42.9367 374.175 134.919
42.9367 374.175 134.919
42.9367 374.175 134.919
42.9367 374.175 134.919
42.9367 374.175 134.919
41.6134 377.396 137.09
41.6134 377.396 137.09
41.6134 377.396 137.09
41.6134 377.396 137.09
41.6134 377.396 137.09
43.3235 374.765 135.337
41.6134 377.396 137.09
41.6134 377.396 137.09
41.6134 377.396 137.09
43.3235 374.765 135.337
41.5875 377.109 137.082
41.5875 377.109 137.082
43.3235 374.765 135.337
41.6134 377.396 137.09
41.6134 377.396 137.09
43.3235 374.765 135.337
43.3235 374.765 135.337
41.5875 377.109 137.082
41.5875 377.109 137.082
41.5875 377.109 137.082
43.3235 374.765 135.337
43.3235 374.765 135.337
43.3235 374.765 135.337
43.3235 374.765 135.337
41.6134 377.396 137.09
43.7881 374.1 134.893
42.0512 376.691 136.62
42.0512 376.691 136.62
43.7881 374.1 134.893
41.6515 377.333 137.049
41.6515 377.333 137.049
43.7881 374.1 134.893
43.7881 374.1 134.893
42.0512 376.691 136.62
43.7996 374.497 134.897
43.7996 374.497 134.897
42.0908 377.128 136.629
43.7996 374.497 134.897
43.7996 374.497 134.897
42.0908 377.128 136.629
42.0908 377.128 136.629
42.0908 377.128 136.629
43.7996 374.497 134.897
42.0908 377.128 136.629
42.0908 377.128 136.629
43.7996 374.497 134.897
41.7149 377.774 137.069
41.7149 377.774 137.069
41.7149 377.774 137.069
41.7149 377.774 137.069
41.7149 377.774 137.069
41.7149 377.774 137.069
41.7149 377.774 137.069
43.7999 374.504 134.897
41.4835 378.53 137.699
41.4835 378.53 137.699
43.3386 375.177 135.345
41.513 378.52 137.723
43.3386 375.177 135.345
41.4514 378.446 137.68
41.4514 377.188 136.668
43.3386 375.177 135.345
41.3504 378.942 138.235
41.3504 377.842 137.119
41.3504 378.942 138.235
43.7659 374.551 134.93
43.7659 374.551 134.93
41.2939 378.962 138.189
43.3386 375.177 135.345
43.3386 375.177 135.345
41.2124 379.609 138.949
41.2124 379.609 138.949
41.2124 377.899 137.161
41.2124 377.899 137.161
41.2124 377.899 137.161
41.2124 377.899 137.161
41.2124 377.899 137.161
41.2124 379.021 138.319
41.2124 379.021 138.319
41.2124 379.021 138.319
41.2124 379.021 138.319
41.2124 379.021 138.319
41.2124 379.021 138.319
41.2124 379.021 138.319
41.2124 379.021 138.319
41.2124 379.021 138.319
41.2124 379.021 138.319
41.2124 379.021 138.319
41.2124 379.021 138.319
41.2124 379.021 138.319
41.2124 379.021 138.319
41.2124 379.021 138.319
41.2124 379.021 138.319
41.2124 379.021 138.319
41.2124 379.021 138.319
41.2124 379.021 138.319
41.2124 379.021 138.319
41.2124 379.021 138.319
41.2124 379.021 138.319
41.2124 379.021 138.319
41.2124 379.021 138.319
41.2124 379.021 138.319
41.2124 379.021 138.319
41.2124 380.705 139.85
41.2124 379.742 138.561
41.2124 379.742 138.561
41.2124 379.742 138.561
41.2124 379.742 138.561
41.2124 379.742 138.561
41.2124 379.742 138.561
41.2124 379.742 138.561
41.2124 379.742 138.561
41.2124 379.742 138.561
41.2124 379.742 138.561
41.2124 379.742 138.561
41.2124 379.742 138.561
41.2124 379.742 138.561
41.2124 379.742 138.561
41.2124 378.436 137.701
41.2124 378.436 137.701
41.2124 378.436 137.701
41.2124 379.675 138.863
41.2124 379.675 138.863
41.2124 379.675 138.863
41.2124 378.683 137.735
41.2124 378.683 137.735
41.2124 380.063 138.991
41.2124 379.082 137.874
41.2124 379.082 137.874
43.3787 375.945 135.359
41.5908 380.063 138.991
43.3787 375.945 135.359
41.5908 380.063 138.991
41.5908 380.063 138.991
43.3787 375.945 135.359
43.3787 375.945 135.359
43.3787 375.945 135.359
43.3787 375.945 135.359
41.7921 379.979 138.397
43.4072 376.365 135.367
41.8683 380.469 139.125
41.8683 379.012 137.413
43.4072 376.365 135.367
43.4072 376.365 135.367
42.1953 379.157 137.434
42.1953 379.157 137.434
43.433 376.699 135.373
41.9689 380.26 138.685
43.848 376.074 134.946
41.9698 380.129 138.508
41.9698 380.129 138.508
43.433 376.699 135.373
43.433 376.699 135.373
43.433 376.699 135.373
41.9698 380.129 138.508
41.9698 380.129 138.508
41.9698 380.129 138.508
43.821 376.114 134.973
42.1289 379.242 137.468
42.1289 379.242 137.468
42.1289 380.26 138.685
42.1289 380.26 138.685
42.1289 380.26 138.685
42.1289 380.26 138.685
42.1289 380.26 138.685
42.1289 380.26 138.685
42.1289 380.26 138.685
42.1289 380.26 138.685
42.1289 380.26 138.685
42.1289 380.26 138.685
42.1289 380.26 138.685
42.1289 380.26 138.685
42.1289 380.26 138.685
42.1289 380.26 138.685
42.1289 380.26 138.685
42.1289 380.26 138.685
42.1289 380.26 138.685
42.1289 380.26 138.685
42.1289 380.26 138.685
42.1289 380.26 138.685
42.1289 380.26 138.685
42.1289 380.26 138.685
42.1289 380.26 138.685
42.1289 380.26 138.685
42.1289 380.26 138.685
42.1289 380.26 138.685
42.1289 380.26 138.685
42.1289 380.26 138.685
42.1289 380.26 138.685
42.1289 380.26 138.685
42.1289 380.26 138.685
42.1289 380.26 138.685
42.1289 380.26 138.685
42.1289 380.26 138.685
42.1289 380.26 138.685
42.1289 380.26 138.685
42.1289 380.26 138.685
42.1289 380.26 138.685
42.1289 380.26 138.685
42.1289 380.26 138.685
42.1289 380.26 138.685
42.1289 380.26 138.685
42.1289 380.26 138.685
42.1289 380.26 138.685
42.1289 380.26 138.685
42.1289 380.26 138.685
42.1289 380.26 138.685
42.1289 379.045 137.775
42.1289 379.045 137.775
42.1289 379.045 137.775
42.1289 379.045 137.775
42.1289 379.045 137.775
42.1289 379.045 137.775
42.1289 379.045 137.775
42.1289 379.045 137.775
42.1289 379.045 137.775
42.1289 379.045 137.775
42.1289 379.045 137.775
42.1289 379.045 137.775
42.1289 379.045 137.775
42.1289 379.045 137.775
42.1289 379.045 137.775
42.1289 379.045 137.775
42.1289 379.045 137.775
42.1289 379.045 137.775
42.1289 379.045 137.775
42.1289 379.045 137.775
42.1289 379.045 137.775
42.1289 379.045 137.775
42.1289 380.29 138.605
42.1289 380.29 138.605
42.1289 380.29 138.605
42.1289 380.29 138.605
42.1289 380.29 138.605
42.1289 380.29 138.605
42.1289 380.29 138.605
42.1289 380.29 138.605
42.1289 380.29 138.605
42.1289 380.29 138.605
42.1289 380.29 138.605
42.1289 380.29 138.605
42.1289 380.29 138.605
42.1289 380.29 138.605
42.1289 380.29 138.605
42.1289 380.29 138.605
42.1289 380.29 138.605
42.1289 380.29 138.605
42.1289 380.29 138.605
42.1289 380.29 138.605
42.1289 380.29 138.605
42.1289 380.29 138.605
42.1289 380.29 138.605
42.1289 380.29 138.605
42.1289 379.045 137.36
42.1289 379.045 137.36
42.1289 379.045 137.36
42.1289 379.045 137.36
42.1289 379.045 137.36
42.1289 377.872 137.467
42.1289 377.872 137.467
42.1289 377.872 137.467
42.1289 377.872 137.467
42.1289 377.872 137.467
42.1289 377.872 137.467
42.1289 377.872 137.467
42.1289 377.872 137.467
40.5967 377.872 137.467
40.5967 378.215 138.605
40.5967 378.215 138.605
40.5967 380.385 140.445
40.5967 380.385 140.445
41.7354 380.385 140.445
42.9569 382.821 140.87
42.9569 382.821 140.87
44.6753 384.025 140.68
50.4199 385.685 136.53
50.4199 385.685 136.53
50.4199 384.025 136.115
50.4199 384.025 136.115
50.4199 384.025 136.115
47.7005 379.46 135.7
46.4791 379.46 135.7
43.3769 377.906 137.991
43.3769 382.178 140.275
43.3769 382.178 140.275
43.3769 380.705 137.775
43.3769 380.705 137.775
43.3769 380.705 137.775
43.3769 380.705 137.775
48.5135 381.95 132.38
48.5135 383.195 133.21
48.5135 381.95 132.38
48.5135 383.195 133.21
48.5135 383.195 133.21
42.7516 378.592 136.379
48.2147 382.78 133.21
48.2147 382.78 133.21
48.2147 382.78 133.21
48.2147 382.78 133.21
48.2147 382.78 133.21
46.6516 374.237 132.274
46.6516 373.005 132.13
46.6516 373.005 132.13
43.0321 378.052 135.751
43.0321 378.052 135.751
43.0321 375.986 137.11
43.0321 375.986 137.11
43.0321 375.31 138.81
45.5508 372.319 141.602
45.5508 371.56 143.098
47.175 370.299 145.04
49.5058 369.544 148.848
50.5123 369.5 150.64
50.5123 369.915 153.545
50.5123 370.33 154.79
50.5123 369.866 155.912
48.3623 370.572 158.057
47.3525 371.356 159.232
46.2979 372.86 160.724
44.6496 375.127 163.208
44.6496 375.127 163.208
43.4675 376.348 165.008
43.4675 377.621 166.253
43.4675 377.621 166.253
43.4675 378.745 167.148
44.6311 377.151 166.55
45.6475 377.151 166.55
45.6475 376.909 167.74
45.6475 376.909 167.74
46.6531 376.909 167.74
46.6531 376.909 167.74
46.6531 376.909 167.74
46.6531 376.909 167.74
46.6531 376.829 168.9
46.6531 376.829 168.9
46.6531 376.829 168.9
46.6531 376.835 170.265
46.6531 376.835 170.265
46.6531 376.772 171.947
46.6531 376.772 171.947
46.6531 376.772 171.947
46.6531 376.772 171.947
46.6531 376.772 171.947
46.6531 376.772 171.947
46.6531 376.772 171.947
46.6531 376.772 171.947
45.4701 376.772 171.947
45.4701 376.772 171.947
45.4701 375.6 170.749
45.4701 375.6 170.749
45.4701 375.6 170.749
45.4701 375.6 170.749
45.4701 375.247 169.542
45.4701 375.247 169.542
45.4701 375.247 169.542
45.4701 375.247 169.542
45.4701 375.247 169.542
45.4701 375.247 169.542
45.4701 375.247 169.542
45.4701 375.247 169.542
45.4701 375.247 169.542
45.4701 375.247 169.542
45.4701 375.217 168.078
45.4701 375.217 168.078
45.4701 375.062 166.965
45.4701 375.062 166.965
45.4701 374.683 165.165
45.4701 374.683 165.165
45.4701 374.683 165.165
45.4701 374.683 165.165
45.4701 374.683 165.165
45.4701 374.683 165.165
45.4701 374.683 165.165
45.4701 374.683 165.165
45.4701 374.683 165.165
45.4701 374.683 165.165
45.4701 374.683 165.165
44.2467 374.683 165.165
44.2467 374.683 165.165
44.2467 374.683 165.165
44.2467 374.683 165.165
44.2467 374.683 165.165
44.2467 374.683 165.165
44.2467 374.683 165.165
44.2467 374.683 165.165
44.2467 374.683 165.165
44.2467 373.235 164.335
43.2389 373.235 164.335
43.2389 373.235 164.335
43.2389 373.235 165.58
43.2389 373.235 165.58
43.2389 373.235 165.58
43.2389 373.235 165.58
43.2389 373.235 165.58
43.2389 373.65 167.655
43.2389 373.65 167.655
43.2389 373.65 167.655
43.2389 373.65 169.73
43.2389 373.685 171.127
45.0154 373.235 173.465
47.1599 372.405 178.03
49.1737 371.498 181.181
50.9886 370.33 183.425
54.9431 368.67 189.65
56.4313 368.255 192.555
57.4718 366.595 196.29
57.4718 365.765 197.535
57.4718 364.935 200.44
57.4718 363.69 200.855
55.7161 362.86 202.1
53.5962 360.733 203.384
52.4634 360.37 204.59
52.4634 359.54 205.835
49.05 356.179 205.227
49.05 353.598 203.593
47.8332 352.07 203.345
47.8332 352.07 203.345
46.5517 352.07 205.005
44.2057 349.217 205.371
44.2057 349.217 205.371
44.2057 347.156 204.379
44.2057 345.985 206.348
44.2057 345.283 207.496
44.2057 345.283 207.496
44.2057 344.462 210.578
44.2057 344.462 210.578
44.2057 343.813 212.822
45.4451 343.721 215.733
45.4451 343.847 217.6
45.4451 343.815 219.646
45.4451 343.815 219.646
45.4451 343.536 221.073
45.4451 343.536 221.073
45.4451 343.413 223.194
45.4451 343.44 224.372
45.4451 343.991 226.362
45.4451 343.991 226.362
45.4451 344.6 228.934
45.4451 345.541 231.023
45.4451 346.039 232.188
45.4451 346.039 232.188
45.4451 347.592 234.638
45.4451 347.592 234.638
45.4451 349.088 237.875
45.4451 349.088 237.875
45.4451 350.46 241.264
44.2416 350.948 242.698
44.2416 351.602 244.794
44.2416 351.597 246.125
44.2416 351.597 246.125
44.2416 351.03 248.986
44.2416 350.155 253.698
46.5497 348.327 258.395
46.5497 347.465 259.955
46.5497 347.465 259.955
46.5497 344.968 260.547
46.5497 344.968 260.547
45.4292 343.709 259.597
45.4292 343.709 259.597
45.4292 342.486 259.173
45.4292 342.486 259.173
45.4292 338.435 260.524
47.0008 337.12 260.982
47.0008 335.748 262.045
47.0008 333.932 264.48
47.0008 332.565 265.768
45.6929 330.886 270.242
44.6019 330.137 273.016
43.3778 328.958 275.918
43.3778 327.735 278.752
43.3778 327.735 278.752
43.3778 327.735 278.752
42.3748 327.733 280.859
42.3748 327.733 280.859
42.3748 329.079 281.726
42.3748 330.769 282.055
42.3748 331.969 282.2
42.3748 333.111 281.968
42.3748 334.225 283.025
42.3748 334.225 283.025
42.3748 336.3 283.855
42.3748 336.3 283.855
42.3748 337.537 284.719
41.3435 337.537 284.719
41.3435 336.937 285.96
41.3435 336.937 285.96
41.3435 336.937 285.96
41.3435 336.937 285.96
41.3435 336.937 285.96
41.3435 336.937 285.96
41.3435 336.937 285.96
41.3435 336.118 287.226
41.3435 336.118 287.226
42.3496 336.118 287.226
42.3496 336.118 287.226
42.3496 336.118 287.226
42.3496 336.118 287.226
42.3496 336.118 287.226
42.3496 336.118 287.226
42.3496 336.118 287.226
42.3496 336.118 287.226
42.3496 336.118 287.226
42.3496 336.118 287.226
42.3496 336.118 287.226
42.3496 338.027 286.934
42.3496 338.027 286.934
42.3496 338.027 286.934
42.3496 336.858 287.876
43.3501 336.858 287.876
43.3501 336.858 287.876
43.3501 336.858 287.876
43.3501 334.225 288.42
44.7594 332.98 288.42
44.7594 332.98 288.42
44.7594 331.735 288.42
44.7594 331.735 288.42
44.7594 331.735 288.42
44.7594 331.735 288.42
44.7594 330.075 287.59
44.7594 330.075 287.59
44.7594 328.83 287.59
44.7594 328.83 287.59
44.7594 328.83 287.59
44.7594 328.83 287.59
44.7594 328.83 287.59
44.7594 330.075 287.175
44.7594 328.83 287.59
44.7594 330.075 287.59
44.7594 330.075 287.59
44.7594 331.735 288.005
44.7594 331.735 288.005
44.7594 333.395 288.42
44.7594 335.055 288.835
44.7594 337.92 288.433
44.7594 339.205 288.005
44.7594 341.28 287.113
44.7594 341.28 287.113
46.055 338.184 288.594
46.055 338.184 288.594
46.055 337.052 290.83
46.055 336.094 292.557
46.055 336.094 292.557
46.055 334.446 296.236
46.055 334.285 297.552
44.8652 334.51 299.401
44.8652 334.51 299.401
45.8972 335.45 300.74
47.2285 335.258 301.94
48.3693 334.046 302.591
48.3693 332.524 302.773
50.7206 331.822 303.985
50.7206 332.496 305.413
53.8031 330.075 307.51
54.8283 327.585 308.34
56.4121 324.68 311.66
56.4121 323.02 314.15
54.9281 318.04 319.545
54.9281 314.72 321.62
53.3261 312.645 324.94
49.9719 306.835 331.165
47.6476 303.93 334.485
45.5481 295.215 337.39
47.1262 294.8 338.635
48.4056 293.837 340.006
55.7046 295.215 347.35
55.7046 291.895 347.35
58.6627 287.745 347.35
58.6627 286.5 347.35
58.6627 287.952 349.392
62.7878 289.405 354.82
63.9415 287.745 356.895
63.9415 286.5 360.215
63.9415 283.18 367.27
62.1693 281.563 371.29
60.8083 275.71 374.325
56.5666 269.07 383.04
54.2661 266.165 387.19
54.2661 264.92 393.83
56.3747 263.26 395.075
59.18 258.28 395.49
60.5613 255.79 395.49
61.8508 253.715 395.905
63.7418 249.15 396.32
63.7418 247.075 396.735
63.7418 245 397.98
61.5325 240.02 401.715
59.7837 237.746 403.574
56.5632 234.866 406.454
47.7797 231.78 413.69
42.1082 231.523 416.437
39.4198 223.005 417.9
39.4198 216.913 415.026
46.7537 208.424 414.374
46.7537 208.424 414.374
47.7814 207.65 415.825
50.4754 205.575 417.07
50.4754 205.16 419.145
42.2604 211.385 417.485
42.2604 210.14 419.975
40.7812 208.065 419.975
39.4848 205.99 419.975
28.8088 200.595 427.445
25.3604 196.445 429.52
45.9151 440.465 102.915
